852655
930058
930557
964420
966052
966727
969194
971330
971626
971866
972275
972827
976367
1007255
1007258
1007261
1007264
1007267
1007270
1007273
1010690
1017005
1022042
1036373
1049705
1137508 - 1137509
1138993
1139098
1139272
1141429 - 1141430
1145042
1145606
1148330
1149887
1659043
1661419
1723696
1723927
1973345
1985950
1986458
1991459
1991657
1993967
2015050
2021725
2023215 - 2023216
2025883
2027638
2028646
2028649
2028652
2279065
3063759 - 3063760
3064549
3080322
3257131
3259276
3268723
3269020
3270415
3271819
3277660
3281917
3291760
3297142
3611395
3615195
3995454
5082624
5269776
5305328
5914345
5914348
5921122
5921821
5924091
5953449
5969199
6073164
6075399
6121476
6129471
6139797
6159066
6166650
6166917
6980598
6988248
7033062
7242171
7255317
7710048
7808589
9159087
9574813
9577861
9580539
9585306
10759678
10776326
10999907
11007050
11070443
11096735
11282098
11291791
11312803
11318176
11376314
11391406
11404437
11432598 - 11432599
11432901
11433015
11433165
11439079
11449993
12952160
12983639
12992522
13009523
13197956
13207208
13240700
13271386
13378939
13390354
13396912
13436407
13468297
13553263
15009249
15304625
15391315
16222786
16328251 - 16328252
16328572 - 16328573
16328935
16349089 - 16349090
16354777
16357666
16405060
16411577
16414850
16421224
16422712
16444375
16449667
17094643 - 17094644
17095249 - 17095250
17119679
17186471
17206470
17206605
17207478
17231117
17232117 - 17232118
17232174 - 17232175
17237455
17238126
17241784
17287071
17292009
17293674
17296134
17308439 - 17308440
17308586
17308835
17309168
17309411
17722786
19127765
19150403
19216070
19216727
19488713
19493093
19512116
19542686
19546559
19547183
19620662
19651817
19716977
19725872
21246434
21264461
22465013
22670321
22678649
23061320
23063271
23071119
23990627
27387914
27411755
27418079
27645655
27647623
27647986
27648937
27655770
27662800 - 27662934
27663223
27664624
27708841
27820609 - 27821104
27822290 - 27823255
27825429
27836452 - 27836453
27836676 - 27836677
27836871 - 27836872
27836946 - 27836947
27840671 - 27840744
27841155 - 27841156
27842433
27926778 - 27926779
27963195 - 27963196
27963691
27985703 - 27987164
27988051 - 27988058
27988091 - 27988095
27988341 - 27988342
27992323 - 27992324
29442646
29979367
30089662
30094271
30094274
30106870
30106873
30111289 - 30111290
30111925
30121838
30189494
30210449
30214097
30216739
30218254
30218924
30232222 - 30232223
30232696
30364546
30364549
30365302
30365800 - 30365801
30366415 - 30366416
30382400
30403370
30414373
30505732 - 30505733
30508282 - 30508283
30513205 - 30513206
30514963 - 30514964
30519277
30524575
30541312
30551550 - 30551551
30558397
30560761 - 30560992
30561982 - 30562223
30562225 - 30562226
30562750
30566126
30567951
30568013
30568334
30604661
30605165
31216412
32280812
32464630
34883605
34930222
34932388
35290762
35492080
35500699
35644249
35646304
35655277
35664478
35666485
35722309
35817496
35821567
36021076
36024769
36029257
36036964
36057076
36061306
36066262
36099988
36110941
36115260 - 36115261
36118602 - 36118603
36126165
36159453 - 36159454
36159538
36181878
38592727
38820842
40281628
40283108
40283747 - 40284020
40284222 - 40284296
40285284 - 40285285
40287624 - 40288222
40288901 - 40289064
40291995 - 40292095
40293717
40296753
40306968 - 40306969
40309020
40341204
40354841 - 40355747
40358942 - 40358943
40378062 - 40378063
40379209 - 40379210
40484052
40488898
40502854 - 40506740
40523356
40546387
40573112
40589560
40651474
40668091 - 40668531
40670548
40678705
40686246
40689736 - 40691696
40692028 - 40692332
40694041 - 40694405
40694409 - 40694410
40694413 - 40695355
40696322 - 40696616
40705764
40706002 - 40706234
40706967 - 40706968
40748335 - 40748336
40755964 - 40755965
40770073
40778057
40790459
42003100
42037690
42311164
42318487
42321865
43058336
43087532
43817902
48210728 - 48210729
48213095 - 48213096
48214906 - 48215008
48215130 - 48215268
48383359
48398209
48428239
48447988
48516112
48546121
48548435 - 48548436
48549266 - 48549267
48566787
48583873
48615628 - 48615629
48617780
48625251
48637501
48638296
48643345
48695095
48708719
48714052
52915631
52916108
52919111
52921436
52957589
53358485
53359328
54461597
54461852
54484216
54484249 - 54484250
54484676
54487864
54488743
54488920
54516283
54518077
54521185
54546196
54613636
54640279
54890614
54890617
55014424
55035199
56491924
56495365
56721397
56721400
56743378
60114473
60120242
60136247
60188096
60190832
60448292
60457274
60553640
60668471
61167710
61302362
61305956
61307075
61487093
61553150
61767001
61768369
61790953
61792612
61795204
61801546
61883512
62586296
62595710
62674568
63023936
63040649
63063320
63239003
71316359
71324507
71324897
71371946
71443952
71444267
71444753
71452259
72320831
72392162
72394664
72396437
72430583
72484661
72554618
73087499
73100548
73103830
79498094
85212757 - 85212758
85268518
85268891
85270268
85947470
85952963
86028197
86147755
86229568
86248237
86253712
86259694
86262028 - 86262029
86262701
86457729
86457732
86504899
87163113
87205893
87210984 - 87210985
87701694
88529139
88625538
88764502
88883872
91931247
91949164
91963287
91963290
91970085
91973208
92951704
92956933
93005431
93010573
93209879
93224926
93227578 - 93227579
93242315
93249032
93253736
93257192 - 93257193
93313229
93324106 - 93324243
93324719 - 93324723
93325026 - 93327789
93327791 - 93328151
93328174 - 93328613
93331795 - 93331796
93381329
93383428 - 93383429
93387551
93392235
93399042 - 93399043
93402032 - 93402033
93425603
95968772
95975792
95984497 - 95984498
95985245
96285629
96303236 - 96304090
96311966 - 96311990
96315960 - 96319515
96338248
96352685
97812190
97915756
98029740
98072986
100111965
100113216
100113219
100113222
100113594
100113597
101851152
102034131
102061573
102318082
102371343
102675309 - 102675310
102684760
102689251
102787117
102793882
102824041
103560070
103622344
103645087
104273752
104487484
104530843
104577814
104577859
105649557
105652071
105653595
106100446
106154035
106162066
106235740
106289605
106293637
106296901
107089128
107092902 - 107092903
107094358
107174605
107191008
107211453
107412820 - 107412821
107628737
108351499
108410977
108515566
108579316
108767551
108767656
108768268
108774805
108779347
110908453
110911448
110927062
110927869 - 110927870
110939731
111362635
111362977
111374473
111381817
111392188
111398836 - 111398837
111537913
111825127
111918883
112672379
112693115
112756088
112779901
112782403 - 112782404
112782407
112788193
112802170
112805947
112863506
112915615
112949224
112954699
112967212
112971703
113068405
113341066
113681284
113693971
113693974
114428504
114433880
114438026
114441080
114449492
114463937
114497912
114871265 - 114871266
114895959 - 114896467
114897894
115016409
115054162
115058055 - 115058488
115061104 - 115062587
115064299 - 115064300
115724113 - 115724114
115733149
115735825 - 115735826
115736435 - 115736574
115736798 - 115736804
115737078 - 115737079
115737306
115737643
115737807 - 115737808
115738414
127592537
127606382
128241974
128244386
128247935
128415962
128592875
128791553
129600314
129873389
132010903
132161545
132220497
133324980
133396893
133495320
150928582
154722096
154726662
154730367
154730616 - 154730617
154744137
154757040
160027086
160044720
160211628 - 160211629
160216251
160231860
163033563 - 163033564
163074261
163468818
163474896
163480467
163501191
163712836
163781847
163919430
164003496
164010414
164563249
164593987 - 164594120
164595540 - 164595541
165114523
165119086
165465841
165888652
168100691
168101450 - 168101482
168101634
168102063
168105472
168181674
168291492
168294266 - 168294267
168294326
168299401
168299749
168301627
168307045
168326923
168338176
168352245
168352341
168367086
168391276 - 168391783
168394615
168397645
168425632
168427123
169095235
169202626
169211125
169234024
169277239
169294416
169304559
170238286
170507275
170969470
171077530
171103561
171114919
171118951
171129274
171238231
171347956
171349927
172113889
172114144
172374787 - 172374788
172714573
172742732 - 172742759
172743245 - 172743246
172743823 - 172743824
172744949
172746149
172826512 - 172826513
172833919
172838803
172844764
173141431
173978357
173979749
174043546
174082840
174138514
174143674
174145264
174165967
174195530
174214090
174233617
174245767
174258974
174259385
174288287
174877235
175648759
175962502
176020759
176024803
176032330
176034445
177087475
177179347
177210484
177237358
177245734
177739489
177819829
178347922
178375867
179249569
179272987 - 179272988
179281747
179291668 - 179291669
179295373
179298682 - 179298683
179302421
180531947
180572990
180587060
180587063
180642083
181142893
181175111
181640072
181671476
181800266
182007059
182019185
185487521
187711801
187923262 - 187923263
187954696
187965079
188030299
188154577 - 188154578
188192834
192992407
193552742
194975747
195050375
195052697
195205163
195425386
195579635
195582650
195823276
195832957
195932536 - 195932537
195932539 - 195932540
196766551
196808191
196840768
197636419
197643980
197645225
197726401
197727772
197731355
197737271
197737274
197763365
197845111
197856946
197907929
197911411 - 197911412
197913940
197928970
197930812
198135847 - 198135848
198140929
198143335
199166206
208735541
208824116
208864163
208898882
208903037
209126438
209273962
213431602 - 213431603
213550453
213566359 - 213566360
217267530
227244636 - 227244637
227244883 - 227244892
227244926
227246236
227248012
227427361
227457580
240777434
240780950
240807596
241196203
265367968
265380925
265467637
268462117
270207010
270428170
270506350
270745804
270860833
270861097
270861949
271132231
271132234
271152826
271177624
271177627
271398145
271404208
271404559
271406011
271443739
271649986
271674913
272426833
282355756
283222184
283240092
286415229 - 286415230
286419015 - 286419016
286935526
286939171
287003130
287029935
288406533
288413619
288420774 - 288420775
288422967
288428745
288461481
288960531
289021278
289082295
289345923
289795980
289842597
290548173
290712363
291286272
291309783
291313545
291422118
291669405
292893342
293979612
294001572
296037675
296056428
296245878
296249640
296708475
296708586
296719689
297799089 - 297799090
297805984
299159301
299173143
299176035
299177271
300160768
300202140 - 300202141
300207603 - 300207604
300240291
300277608
300469086 - 300469087
300477888
300494166
300549177
300551616
300553935
300619626
300641904
300653073
300673410
301569354 - 301569355
301573225
301577998
301579897 - 301579898
301589878
301596096
301598043
301616669
301620604
301625061
301633685
301638233
301642721
301645649
301664501 - 301664502
301671844
301673354
301682741
301736933
301737278
301739606
301742546
301745966
301757759
301765667
302175101
302253128
302265427 - 302265428
302270492
302273051
302305076
307785370
307794436
307811494
307856617
307863778
307873324
308206315
308422762
317559112
317564371
318363850
318366052
318392473
318411412
320534692
320616739
320630116
321926254
321990187
322478212
323516920
323621473
323659822
336982542
336983073
337330233
337335282
338396997
338401047
338402061
338402064
338402067
338402070
338402073
338402076
339029145
339038331
339169890
339169893
339209610
344313588
349940529
375341929
375364428 - 375364429
375367608
375398579
377843333
377856173
378785906
379540041
379540101
379555143
379570296
381018339
391997247
392005984 - 392005985
392026903
392033380 - 392033381
392035358
392154395
393788213
393824780 - 393824781
393856141
393866488 - 393866489
393882835
393885897 - 393885898
393897342
393951002 - 393951003
398266145
401598176 - 401598177
401607467
401609780
401639306
404303077
404466515
404492807
404659465
405443005
405603230 - 405606085
405615987 - 405615988
405715463
405742554
405761223 - 405762258
405769299 - 405769841
405770451 - 405770750
405775531
406140926
406295270
406374617
406400540
406443176
406449499
406452118
406473416 - 406473417
406482344 - 406482345
406492944
406499129 - 406499130
406506078
406616061
406619822 - 406621615
406625050
406721294
418287852
418336224
428138282
433201062
433307180 - 433307181
433363216 - 433363217
433382560
435694336
435769837
435772117
450835204
451112965
476925400
476929559
476941706
477099647
477118765
477119659 - 477119660
477122086 - 477122087
477122755 - 477122756
477123406
477123811
477126544
477129704
477853369
478755520
479923465
479930539
489086573
489223261
489528535
489959483
493588048
493689442
493714747 - 493714748
493769222
494031779
494193724
494255891
494273762
496239583
497417714
497429216 - 497429217
497437352
497438975 - 497438976
497621093
500731061
504421037
504535853
504605693
504762092
504806591
504818507
505403372
506552462
507819744
509666519
509666522
509667431
509676518
509708667
509713311
509807589
509970524
509983499
509998151
510007091
510148106
510196367
510281333
510303775
510305074
510306439
511839421
511891008
512508972
514189350
515348078
515355414
519864646
519864649
524559012
524572122
524653872
527164548
528716877
528987654
529014864
529173150
529184169
529354512
529789287
529901157
531602034
535508715
535649493
535665309
541815837
541838190
560982516
561801837
561808329
561840897
561919500
562360479
562409427
562565286
562618722
562814133
562981525
562993962 - 562993963
563002431 - 563002432
563015541 - 563015542
563036892
563043210
563105938
563124190
563163244
563275441
563618995
564147550
564340213
564607408
564870640
564914566
565442058
565448166
565465173
574178134
576423060
579003171
579143874
579223554
579357045
579386169
579386172
579813561
579923784
587717322
587740884
588473764
588476278
588489253
588491424
588492441
588494403
588497022
589606599
589620012
589648719
589714332
590480451
590480454
590800130 - 590800131
593195730
593293581
593984790
594024518
594250572
594259497
594259887
597828828
597865968
597866094
597919152
597953028
598649490
598662300
599573931 - 599573932
599573934 - 599573935
599573937 - 599573938
599594164
599594167
599601642
599944172
599950324
599982913
600455269
600653602
602787695 - 602787696
603208580
603514730
603645607
603748355
603776471
603778427
603804893
611556809
611986106
613179614
613237694
613933583
616122794
616304845
616608571
616700943 - 616700944
616710328
616712298
622467723 - 622467724
622468425
622475817
622516590
624640662
624679086
624763950 - 624763951
624784800
624819051
636918146
652049121
654234801
654275249 - 654278370
654284008 - 654284009
654500440
654501877
654532162
670748863 - 670748864
670847431
673182619
673921348
675047935
676959073
683193830 - 683195449
683199432
683205292
683437480
683517763
683529937
683560012
683724532
689441118
689863806
690654004
690662527
692667837
692669586
692676540
692677308
692678301
692749062
692754246
693388143
693392594
693397581
693397584
693398898 - 693401291
694830522
697151246
697188113
697276966 - 697276967
697342450 - 697342451
697547482
697708177
700725319 - 700725320
700798186
700809866 - 700809867
700815242
701206779 - 701206780
701240476
701280832
702632077
702689025 - 702689026
702850843
710704869
710757219
710810931
710817597
710879442
725390164 - 725390165
725847389
725885661 - 725887085
725891528 - 725891529
727814140
727897342
731240134
731346691
731889237 - 731889238
754445839
754455787
754924921
755062971 - 755062972
755064304
755070421
755071639
758565733
759264748
762321226
762704053
762726115
764455443
764592822
764599212
764602521 - 764602522
777599373
779507358
779581560
779901801 - 779901802
779939697 - 779940349
779949403 - 779949404
781057882
783517699
785405860
796793166
796840116
800355702
801783873
802271837
802295930
802318083
802321583 - 802321584
802321586
802327466 - 802327467
802327469
802798077 - 802798078
806958766 - 806958767
806958770
807025715
807387660 - 807387661
807433908
807458486 - 807458487
810360295
826027098
826137487
826194634 - 826197009
826211195
826216061 - 826216062
826314806 - 826314807
826364558
826698827
826782215
827152952
827191891 - 827200623
827209267 - 827211270
827240313 - 827241538
827245038 - 827249656
827376717
831662565
831889503 - 831889504
831895761
832036320 - 832036321
832177923
833527689
833687733
833690754
833762343
835305588 - 835305589
835364650 - 835365425
835431622 - 835437220
835449080 - 835461914
835463308 - 835476525
835477407 - 835483525
835525881 - 835525882
835661898
838216512
838918758
839275326
839434120 - 839434121
839468991 - 839469927
839516551
850878169
850896112 - 850896113
851052611
851055686
851102623
852642545
852649247
852649280
852649485 - 852649508
852653086
852654478
852695413
852710368 - 852710369
852711235 - 852711356
852712184
852714143
852718311
852972632
852974870
852977486
852978776
853193247
853253564
853394627
853434133 - 853434287
853435183 - 853435184
853445293
853445371
853455406
853642243
854096577
854108454
854304602
854306956 - 854307681
854308734 - 854308735
854311347 - 854311348
854312652 - 854312653
854332725
854344983
858946290 - 858946291
874793693
874807064
875037653
879220516
879331183 - 879331184
879511142
879552107
880836698
881019485
883888607
884146111 - 884146112
884293003
884375407
884407135
884412529
884452048
884463610
884470909
884501989
886260535 - 886260991
886262412 - 886262465
886306201
886308448
886320847
890944091
895887670
895917694
895929244
896316880
896600848
896626660
896628964
896723719
896729614
901027216
901114358 - 901114359
901126325
901147664
901192088
901272215
901633811
901708796
901750031
901800869
903626870
904083779
904339334
906845264
906850337
906850433
907866264 - 907866265
907867784
908047868
908510627
908521679
912349259
912525572
912802166
912812981
912980243
912997451
914693697
914725746
915634656
917665224
919290513
919612293
919639662
919682184
921032988
931177386
932191293
932211027
942346437
953929701
967055032
970296838
971226688
971291209
972097834
993627457
996780967
997553056
997553401
997611697
997622740
997631016
1007028126
1011901470
1011942045
1012062684
1012116426
1012222728
1012265385
1031273634
1035101004
1035209657
1049788172
1049809523
1159329318
1161640086
1166427810
1166832123
1166857833
1179206711 - 1179206712
1179220533
1179413642
1179437050
1179540415
1179585408
1179589152
1201393772 - 1201393773
1201396817
1201397321
1201405280
1201512051
1201616970
1202591082
1202593101
1202671290
1202700804
1202707704
1203582459
1207709046
1208365626
1208409411
1208658863
1208697841
1209387139
1209691155 - 1209691156
1209704769 - 1209704770
1209753018
1209766803
1209934575
1209936283
1209936742
1209947324 - 1209947325
1209956109
1209971460
1209979884
1210436870
1210440431 - 1210440432
1210444397 - 1210444398
1210455984
1210464218
1210513862
1210599893
1210604957
1210604960
1210686143
1210850597 - 1210850598
1211012348
1211044541
1211062526
1211265033
1211362121
1220226836
1220825810
1223788889
1223809316
1223994167
1233297383
1233481487
1236627806
1236670874
1236993482
1237160105
1237285652
1237376033
1251388958
1251460292
1251882041
1257221861
1257224120
1259239469
1271004234
1271371703 - 1271371704
1271601654
1271796918
1271908782
1283718033
1283753271
1289698986
1397860530
1399638813
1410081359
1410095567
1410095570
1410121193
1410152621
1410152624
1453728883
1453967827
1454618848
1469276878
1471915573
1472008129
1472545718
1472545721
1492943532
1492953363
1496766252
1497029862
1497083499
1497330534
1497675564
1497699231
1499588514
1499930679
1500015162
1500239703
1500282765
1500299328
1507869540
1515185361
1515213408
1515528021
1520642007
1521044805
1521055017
1522028085
1522035615
1522533873
1523648475
1525778781
1525788552
1525815690
1525838538
1525856019
1526213487
1526430825
1526474853
1526530488
1526963664
1526965170
1527103974
1527103977
1529015928
1529018496
1529132769
1529917797
1529929428
1529971764
1529980836
1529990871
1530107421
1530112722
1530433083
1534411440
1538380992
1538813597
1551360870
1551496341
1566427389
1566535134
1602365370
1611210429
1611216585
1611323685
1611766614
1611768018
1611781131
1611782499
1636553325
1639296966
1639327500
1639831269
1680356476
1698876357
1698888252
1698910716
1699080390
1699113381
1701074142
1701152886
1701735246
1701743169
1702775085
1702818756
1702819824
1702822677
1703213304
1703316762
1703356413
1703368323
1703371956
1706099343
1706155617
1706315805
1709441709
1710158475
1712752725
1739059734
1739064351
1740399510
1741191480
1742412255
1742465880
1742482365
1742494260
1749896088
1751164695
1751283783
1752389685
1752406485
1753437261
1753458171
1753499817
1753628682
1767203916 - 1767203917
1767209214
1767591387 - 1767591388
1767769707 - 1767769708
1767769711
1767782670
1767793626
1767801385
1770166609 - 1770166610
1770166612
1770179960
1770239536 - 1770239875
1770241001 - 1770243185
1770255366 - 1770255367
1770271071 - 1770271072
1770284181 - 1770284182
1770286896 - 1770286897
1770291435 - 1770291436
1770301818 - 1770301819
1770307683 - 1770307684
1770327783 - 1770327784
1770334900
1770348511
1770486612
1772776578
1772945580
1772975283
1773306933
1773357217
1773619049
1773630281
1773638929 - 1773638930
1773641362 - 1773641363
1778884216
1778910994
1778916643
1778922136
1779087682
1780750775
1780757888
1781025404
1781119181
1782783904
1782979543
1783002154
1783314628
1794952900
1795245262
1795359699
1795491019 - 1795491020
1796222803
1796358070 - 1796358071
1796408083
1796456683
1797671137
1799381264
1799723504
1808362273
1812945194
1821498310
1827587308
1827612941
1827688463 - 1827688464
1827689237
1829004284
1829053643
1832853280
1832870425
1832873789
1833691628
1835004242
1837506248
1839464856 - 1839467130
1839587760
1839758763 - 1839758764
1839758766 - 1839758767
1839775698
1839809610
1840866918
1841118708
1841190048
1841352168
1843480077
1901326119
1901334609
1920990019
1921069003
1921115815
1921693083
1921814265
1921907314
1922200072
1922276238 - 1922276239
1922318146
1922401713
1922694405
1923528612
1923529503
1923616317
1927784572
1928601223
1928637934
1928793721
1928814571
1929280743
1930258085
1930389248
1930399657
1930442064
1930459164
1930559376
1930615074
1930844841 - 1930844842
1931136078 - 1931136079
1942581492
1942598703
1942767405
1944532332
1946972184
1947182070
1947573120
1947624306
1947692232
1948436889
1962401490
1971807630
1971828765
1972208952
1972220481
1972515771
1988488539
1988528208
1988537676
1989828585
1990042371
1991230579
1991288962
1991446379
1991447165
1991447394
1991482076 - 1991482077
1991520977
1991641529
1991731285 - 1991731286
1991774596
1991888350
1991923336
1992360794
1992539269 - 1992539270
1992611624
1995062056
1995158676
1995292256
1995355262
1995485205
1996982025
1998615825
1998761502
2005805363
2015514853
2015554531
2017634172 - 2017634173
2017641524
2017645356
2017656258
2017680042
2017732725 - 2017732726
2017746381
2017777929
2017816200
2018154732 - 2018154733
2018162218 - 2018162934
2018163471 - 2018164264
2018166425 - 2018166426
2018182624
2018194162 - 2018194163
2018197112
2018221414
2019721244 - 2019721245
2019832110 - 2019835938
2019835966 - 2019837247
2019837410 - 2019838837
2019843192 - 2019847952
2019859844 - 2019859845
2019861393
2019912686 - 2019912687
2019912690 - 2019917091
2019921888
2019928434
2023940302
2027780063
2027909719
2027943260
2028639074
2028685811
2029113446
2029356107
2029413869
2030164565
2030271998
2030377346
2030389223
2030782739
2031113585
2031170183
2031435971
2031486327
2031581415 - 2031581416
2031587097 - 2031587098
2031726837
2031810720 - 2031810721
2031861350
2031891935 - 2031908953
2031987822
2032044756 - 2032052895
2032057003 - 2032057899
2032085519 - 2032085520
2032104977
2034397199 - 2034397200
2034411224 - 2034421421
2034432097 - 2034432098
2034492599
2034495832
2034754399
2036053005
2036085353 - 2036085354
2036092382
2037427611 - 2037429635
2037438837 - 2037438838
2037439775
2037444803
2037447704
2037456398
2037457973
2043046599 - 2043046600
2043048456 - 2043057699
2043315607
2043349729
2043352567
2043372235
2043386413
2044244353
2044247054 - 2044247055
2044283726
2044537017
2044543821
2045475513
2050014994
2050142524
2050404595
2050627564
2050759867
2051766862
2053405282
2053800846 - 2053800847
2053814541
2053911741
2054010256
2054090862
2054658972
2054716014
2055320682
2055328308
2057124351
2057610679
2057748135
2057764536
2076365540
2076635346 - 2076635347
2076663991 - 2076663992
2076779560 - 2076779561
2077514087
2077906481
2079008855 - 2079008856
2079391880
2079427913 - 2079427914
2079436580 - 2079436581
2079449766
2079750389
2080079714
2111054516
2111091506
2111124649 - 2111124650
2111173114 - 2111173115
2111185749
2111575681
2111635945
2111668151
2112653902
2112928960
2222876160 - 2222876492
2222882194
2222889682 - 2222889683
2223390580
2223402778
2223404960
2223428198
2223485276
2223522920
2223686666
2260462368
2260479153
2260800325 - 2260800326
2260858609
2261217374 - 2261217375
2261266241
2261392160
2261463137
2261658052 - 2261670032
2261684964 - 2261691233
2261692803 - 2261764725
2261764778 - 2261788027
2261794481 - 2261806628
2261933002 - 2261933003
2262199789 - 2262199790
2262864913 - 2262871829
2262875978 - 2262876803
2262877828
2267122438
2267228227
2329511624
2332416401
2341930947
2352082039
2352147972
2372497262 - 2372497328
2372497605 - 2372498381
2372498383 - 2372498468
2372498470 - 2372498488
2372498490 - 2372498533
2372499295
2372501744
2372512854
2381975902
2389319655
2389548605 - 2389548606
2389739039
2389785674
2389833156
2416733819
2465807687
2471550080
2474164598
2474444373
2483272952
2507040851
2509446710
2514037898
2515144964
2515162962
2515165233 - 2515165714
2515167053
2528610816
2528612958
2528921430
2529724026
2529823413
2530437474
2530469343
2530502436
2530503021
2532014295
2532030656
2532055512 - 2532055513
2532057156 - 2532058041
2532058155
2532058179 - 2532062959
2532063280 - 2532071797
2532081510 - 2532083414
2532085121 - 2532085122
2532379925
2532395320
2532401779
2532514681 - 2532514682
2532518152
2532519859
2532526786
2532538912
2532585607
2532837094
2532884243
2532891155 - 2532891156
2532909477
2533064413
2533088876 - 2533088877
2533137647
2533254388
2533341033
2533346055
2533361999 - 2533362000
2533365308
2536143027
2536246335
2536248828
2536292478
2537613105
2537684880
2537833182
2537877303
2539942910
2544391196
2548315946
2548522862
2548564580
2548601723
2548645343
2549583134
2556579805 - 2556579806
2556687070
2556815104
2556871393
2556964168
2560206877
2561277374
2561479880
2563737904
2564055812
2564080918 - 2564081342
2564082405 - 2564085493
2564086015 - 2564088198
2564092528 - 2564093253
2564093255 - 2564093256
2564093891 - 2564094515
2564094699 - 2564097655
2564097657 - 2564097658
2564101993 - 2564106259
2564112187 - 2564113832
2564115201 - 2564115524
2564115803 - 2564117159
2564120797 - 2564120828
2564122271
2564123766
2564126952
2565115862
2565407862
2565420726
2565539601
2565677443
2565687394
2565728050
2565731065
2568623842
2570119852
2570244730
2570531965
2570561476
2570619094
2570811067 - 2570811068
2570874358
2570899834
2570906566
2570915419
2570936158
2570960755
2570961124
2571999071
2572143731
2572164526 - 2572164527
2572174073 - 2572174074
2572180303 - 2572180304
2572243654 - 2572244027
2572247353 - 2572247436
2572264650
2572373467
2572418151
2579228492 - 2579228493
2579247933
2582742893
2584181216
2592160940
2592321046
2592379468 - 2592379469
2592409949
2592540783
2594174834
2594441876 - 2594441877
2594504047 - 2594504048
2594534902 - 2594534903
2594565412
2594717624 - 2594717625
2595250097 - 2595250098
2597832652 - 2597832653
2597852746
2597895232 - 2597918625
2597968608 - 2597971440
2597994267
2598000735 - 2598009038
2598019929
2598039132
2598049878
2598065214 - 2598065215
2598094758
2598314562
2598383691
2598927897
2600177355
2615243706 - 2615243707
2615310184 - 2615311872
2615331164 - 2615331165
2621565170 - 2621565171
2621757223
2621821402 - 2621829696
2621853391
2621854911 - 2621854912
2621885850 - 2621885851
2621922406
2622252305 - 2622253390
2622254923 - 2622254924
2622325018
2622485314
2626283245
2626316995
2626394752
2626394755
2626775673
2627142635
2627341677
2627657522
2641350217
2641374667
2642096401 - 2642096402
2645342459
2645342462
2645503355
2645650283
2645749478
2645782235
2646006842
2646055439
2646426986
2654143222
2654158735
2654160502
2654323885
2655890818
2655895627
2655943240
2657438617 - 2657438618
2657438620 - 2657438621
2657438624
2659504528
2659930504
2660701843
2662874147
2662945238
2663133983 - 2663133984
2663137734
2664108629
2664108632
2664300602 - 2664300603
2674428687
2674483215
2674617171
2674661313
2674779363
2678110855
2678160012
2678236721
2678242143 - 2678242204
2678242794 - 2678245518
2678265574
2678313202
2684557390
2684570737
2687544283
2687710333
2687714872
2688576859
2688646141
2690288437
2698974841
2704719235
2756782744
2789397181
2789414971
2795994397
2798758873
2804218240
2804244346
2807044198
2807057134
2807257972
2807559139
2807587306
2807621620
2810783170
2813438305
2813596081
2813701768
2813781814
2814920219
2815070213 - 2815070214
2815324936 - 2815324937
2815441733
2815906231 - 2815906232
2815960144
2816012668
2816056552
2818411093
2818937947
2818962907
2819004751 - 2819004752
2819025151 - 2819025152
2819071919
2819107069
2819461327
2820682446
2820711864
2820772473
2820814014
2820917925
2820970473
2824433745
2825813460
2834067468
2834267316
2834429601
2834876319
2836970612
2836992443
2837085923
2837090426
2837191541
2837708261
2838809507
2838815380
2842661014
2842678615
2842696771
2843607460
2843797987
2843811745
2843960782
2843962927 - 2843962928
2843983070
2843986697
2844573907
2844717117
2844748350
2844782543
2845135694
2845136288
2845141499
2846455448
2846616158
2847320981
2847461285
2847664526
2847716276
2847826058
2849084039
2849086946
2849094428
2849095250
2849129135
2849554778
2850109781
2850779930
2851492262
2851914518
2853799166
2854056467
2877423071
2878048766
2878093582
2878111624
2878123300
2878160671 - 2878160672
2878622706 - 2878622707
2878738644
2878762827
2878825180
2878837958
2878847453
2878858891
2881080160
2883796447
2883834340
2883933643
2885943529
2886094396
2888884513
2889545923
2889637393
2889740851
2891258074
2891326990
2891392216
2891598196
2891663887
2891697091
2891714059
2891912221
2891969110
2892076945
2892097852
2892283761 - 2892283762
2892283765
2892283768
2892283771
2892283774
2893611844
2894082958
2894400196
2901092592
2903291630
2928868017
2929818633
2929997570
2930010484 - 2930010490
2930010493
2930042524 - 2930042525
2930271367
2937093025
2937164929
2937233347
2938210354
2942624188 - 2942624189
2942635741
2942732239
2944454329
2945611193
2945618831
2945650772
2947447508
2952615320
2953088714
2953126508
2953431929
2953451660
2953537148
2953723301
2953723304
2954047034
2954132561
2954174804
2954257784
2955513986
2956287872
2965782556
2965787602
2965851157
2965879840
2965927588
2966253856
2966764573
2966978494
2969091094
2969121559
2986490458
3003426372
3003462750
3004375122
3004664172
3011935526
3012505724
3013823363
3013835195
3013979459
3014009564
3014331173
3019333472 - 3019333473
3019336955 - 3019336956
3019612133
3019615556
3019681550
3019763270
3022974045
3022974054
3027238724
3027249704
3027281687
3027373133 - 3027373134
3027373137
3029016684
3029476539
3029482350
3029489982
3029496387
3031223838
3031330105
3031403007 - 3031403008
3031486672
3032370618
3045423565
3057400698
3071115264
3071117607
3071210964
3073278501
3073498489
3086548216
3088141270
3108154492 - 3108154493
3108565571 - 3108565572
3113496944
3113744940
3114140382
3118047555
3118069329
3118282401
3127869597
3128165436
3139009188
3140282808
3140474322
3144267525
3144295815
3144907688 - 3144907689
3146047949
3146346628
3146346631
3146346634
3146347540 - 3146347541
3146349091
3146355199
3146468134
3146469214
3146472442
3146570692
3155622091
3156589912
3162044911
3162769768
3162828376
3164783794
3164822200
3164896480 - 3164896481
3164967509
3165246898
3165312170
3165326876
3165430676
3165464691
3165467670
3165475422
3165514628
3165819374
3165830684
3165926523
3166134602
3166152278
3166442325
3166871205 - 3166871207
3166871210
3166945761
3168741365
3170259876 - 3170259877
3170259880
3170447035
3170449990
3170518168 - 3170518169
3170533056
3170689374
3170783705
3170882560 - 3170882561
3170887140
3170925283
3170932017
3170933031
3172815046
3172911313
3174168361
3174291445
3174947733
3175008235
3175678977
3175704993
3175766103 - 3175766104
3175995773
3177085596 - 3177085597
3177105144
3177372337
3177372340
3177426201 - 3177426205
3177433924
3177444925
3177506055
3177758614
3177997814 - 3177997815
3178027437 - 3178031525
3178053728 - 3178053733
3178117925 - 3178117926
3178179852
3178254258
3178279653
3179610753
3179850168
3179930802
3179996823
3180334080
3180356067
3180454139
3180493172
3180599622 - 3180599623
3180698298
3180754804 - 3180761008
3180769046 - 3180773097
3180775180
3180861479 - 3180932076
3180941896 - 3180955441
3181057851
3181136775 - 3181136776
3181181877 - 3181181878
3181267156
3186201511
3208983899 - 3208984116
3209000588 - 3209000589
3209011550 - 3209011551
3212069765 - 3212088377
3212192988 - 3212192989
3212486942 - 3212488419
3212525584 - 3212525585
3212798189
3212821241 - 3212828325
3212911223 - 3212928503
3212970076 - 3212978130
3213248289
3213557059 - 3213614700
3213621908 - 3213623648
3213739673
3213856193
3222638547
3223359087
3223363083
3224887091
3225016391
3225018963
3225020353 - 3225020357
3225022684 - 3225022685
3225026587
3225031142
3225036886
3225042575
3225044455
3225051491
3225052409
3226364697
3226405164
3226556420
3226563344
3300314968 - 3300314969
3300361789
3300397204
3300722143
3300811861
3309767092
3309827842
3310446119
3348514069
3348621814
3348649822
3348982285
3349311652
3350431370
3351738629
3351881960
3354505787
3358766705
3359644249 - 3359647440
3359654602 - 3359654603
3360940131 - 3360943615
3360960893
3360961414 - 3360966291
3360970287 - 3360976309
3360976943 - 3360977252
3360977351 - 3360979277
3360984961 - 3360984962
3361018449
3361021209
3361024350
3369722788
3377850498
3378993378 - 3378993379
3379340148 - 3379340149
3379530222 - 3379530223
3381667899 - 3382035956
3382259686
3403228314
3413103890
3413152275
3413238993 - 3413278006
3413466067
3459126749
3465284227
3483190870 - 3483190871
3483203800 - 3483203801
3483236774
3484775291
3484854851
3484865816
3486371795
3487020367
3487907065
3487937545
3487951660 - 3487951661
3488061470
3491334527
3491493551
3491748865
3491922337 - 3491922338
3492837226
3492842758
3492974859
3493039025 - 3493039026
3493072151
3505468728
3511875506 - 3511876151
3511894617 - 3511894618
3511898442
3511912814 - 3511912815
3511954039 - 3511954040
3512240231 - 3512240232
3512248320 - 3512249220
3512249704 - 3512253451
3512343970
3512497831
3512502598 - 3512503981
3512504156 - 3512504400
3512506651 - 3512514985
3512532660 - 3512532661
3513004546
3513040168
3522787757
3522840027
3523209573 - 3523209574
3523292648 - 3523299769
3523306577 - 3523309985
3523424822
3523481381
3523636638 - 3523636639
3523647804
3523984230 - 3523984231
3524011896
3524015085 - 3524015086
3524243046
3539282008 - 3539282009
3539329087
3543410681
3544282726
3544394899 - 3544403134
3544431164 - 3544431165
3544724927 - 3544724928
3545081638
3549615688
3558331594
3558748558 - 3558748559
3558765592 - 3558765593
3558810982
3558817711
3563596582
3563709433 - 3563709434
3565042264
3565207213
3565227187
3565349201
3565424323 - 3565429928
3565439279
3565452107
3565489211
3565495232
3565502267
3567254571
3567351231
3569184398
3569292788
3569580033
3569797052
3570197867
3574687395
3581392352
3583823927
3583834100
3584111549
3585316443 - 3585316444
3585323124
3585358368
3585372432
3585411378
3587709643
3587720076
3588038007
3588077270
3588083713
3588096530
3588097150 - 3588106674
3588109794 - 3588126003
3588206347
3588797271 - 3588804324
3588843599 - 3588843600
3588858192 - 3588858963
3588860523 - 3588860682
3588860724 - 3588871606
3588880818 - 3588880819
3588887259
3588935538
3589507000
3589654717 - 3589654718
3590056270
3590196271 - 3590196272
3590245527 - 3590254055
3590272680
3590341741 - 3590341742
3590398181
3594157986
3594332607
3595001189
3598140605
3598299829
3598342891
3598361363 - 3598364983
3598366185 - 3598373958
3598422227 - 3598422228
3598426419 - 3598426420
3598435436 - 3598437640
3598440086
3598498345
3598546735
3600437581
3600446677
3600450019 - 3600450796
3600451572 - 3600451573
3600468617 - 3600468618
3600486812
3600617125
3600621686
3600643931
3600996236
3601124960 - 3601124961
3601138650
3601681364 - 3601681365
3601801430 - 3601801431
3601824982 - 3601828950
3601850432
3601944165
3602131524
3602184129
3603842606
3604034597 - 3604060993
3604116168
3606559235
3607152112
3607587271 - 3607587272
3607682476
3608390824 - 3608390825
3608416849
3608449390 - 3608449391
3608477824
3609754052
3609846838 - 3609846839
3610831558 - 3610831559
3610966621
3611010751
3611010754
3611024324
3611277794
3612964823 - 3612964824
3613048666
3613065901
3613132617
3613139091 - 3613139092
3613191258
3613332719
3613445237
3614674712
3614961806
3615108254
3615134206
3615153976
3615175091
3615233057
3615234119
3615452674 - 3615452675
3615474683
3615564676 - 3615573037
3615577150 - 3615578139
3615590654
3615608169
3615616527 - 3615616528
3615711243
3615980472 - 3615986147
3616000368 - 3616004226
3616039162 - 3616042680
3616051347 - 3616051816
3616052506 - 3616059264
3616059769 - 3616060452
3616060618
3616108713
3616199798 - 3616204013
3616214297
3616513616
3623301590
3623309972
3630650636
3630691133
3645686624
3649861272
3649989786
3650408388
3650500608
3651586235
3661345907
3661782689
3662363051 - 3662363052
3662415884
3662456774
3708471920
3708640982
3708813554 - 3708813555
3708813560
3708823811
3712104069
3712108023
3738666753
3738667281
3738667311
3774878370
3776036219 - 3776066362
3776066641 - 3776071558
3776093284 - 3776094080
3776136828 - 3776169123
3776217607 - 3776217608
3776217964 - 3776217965
3776278126
3777484469
3777522389
3781623087
3786876054
3788444583
3791146446
3794570580
3796920117
3806330723
3806810228
3806900639
3900822645
3903727233
3927357312
3939311613
4067848769
4071219688 - 4071219689
4071359878
4071473073
4123277358
4123377301 - 4123377302
4123523335 - 4123523336
4123612442
4124762384
4124912558
4151819065
4157480971
4159252088
4159253018 - 4159253019
4159255598 - 4159255599
4159258315 - 4159258944
4159258946 - 4159258981
4159259380
4159275895
4159472628 - 4159476169
4159478294 - 4159479710
4159489351
4159504462
4159512444 - 4159512445
4159513794
4159515415
4159516293
4159534051 - 4159534052
4159534054 - 4159534055
4159536694 - 4159536695
4159538646 - 4159538793
4159539663
4159540296
4159540434 - 4159540435
4159540461
4160503861
4160727282
4160848638
4161053221 - 4161053222
4161099553
4200312052
4200569881
4217771311
4225640407
4231729399
4232219050
4232550451
4238078194
4238116816
4238644181
4238734963 - 4238734964
4238819305 - 4238819306
4239732143
4245867113
4246167845
4246452269
4255897192
4255929484
4256028928
4259548920
4269357798
4269488718
4269529935
4269725784
4269945438
4271068326
4271158788
4276074570
4276081146
4276960521
4277024825
4277112665
4277142806
4278638423
4278674438
4279090991
4279967831
4280078288
4280136998
4282718525
4290731284
4290753883
4290894820
4290946159
4290984038
4291005857 - 4291007691
4293242951
